Frame 0
Optimized Parameters:
Rotation Matrix: 
[[-7.15239327e-01  0.00000000e+00  7.57775734e-06]
 [-1.61877871e-08  7.15239326e-01  9.82340863e-09]
 [ 7.58648559e-06 -2.00832526e-08  7.15239340e-01]]
Translation Vector: 
[2.40141498e-08 3.43266482e-06 1.00000000e+01]
Deformation Strength: 3.4379376941075286e-06
Deformation Frequency: -1.0730331074587179e-08

Lambda Ortho: 8.717371730662348e-05
Lambda Det: 5e-324

Frame 1
Optimized Parameters:
Rotation Matrix: 
[[-7.15239337e-01  0.00000000e+00  7.59248298e-06]
 [-1.61901862e-08  7.15239337e-01  9.82580772e-09]
 [ 7.60121363e-06 -2.00856517e-08  7.15239351e-01]]
Translation Vector: 
[2.40141498e-08 3.44739046e-06 1.00000000e+01]
Deformation Strength: 3.4526633338761292e-06
Deformation Frequency: -1.0730331074587179e-08

Lambda Ortho: 8.718844294639208e-05
Lambda Det: 5e-324

Frame 2
Optimized Parameters:
Rotation Matrix: 
[[-7.15239347e-01 -3.40678472e-12  7.60771812e-06]
 [-1.61901862e-08  7.15239346e-01  9.82580772e-09]
 [ 7.61644877e-06 -2.00856517e-08  7.15239360e-01]]
Translation Vector: 
[2.40141498e-08 3.46262901e-06 1.00000000e+01]
Deformation Strength: 3.467901881948138e-06
Deformation Frequency: -1.0730331074587179e-08

Lambda Ortho: 8.720368149446409e-05
Lambda Det: 5e-324

Frame 3
Optimized Parameters:
Rotation Matrix: 
[[-7.15239356e-01 -6.29959957e-12  7.62270290e-06]
 [-1.61901862e-08  7.15239355e-01  9.83159335e-09]
 [ 7.63143355e-06 -2.00885445e-08  7.15239370e-01]]
Translation Vector: 
[2.40141498e-08 3.47761379e-06 1.00000000e+01]
Deformation Strength: 3.4828866628531797e-06
Deformation Frequency: -1.0730331074587179e-08

Lambda Ortho: 8.721866627536914e-05
Lambda Det: 5e-324

Frame 4
Optimized Parameters:
Rotation Matrix: 
[[-7.15239361e-01 -6.29959957e-12  7.63907185e-06]
 [-1.61901862e-08  7.15239360e-01  9.83159335e-09]
 [ 7.64780250e-06 -2.00757061e-08  7.15239374e-01]]
Translation Vector: 
[2.40141498e-08 3.49398915e-06 1.00000000e+01]
Deformation Strength: 3.4992620297337795e-06
Deformation Frequency: -1.0730331074587179e-08

Lambda Ortho: 8.723504164224973e-05
Lambda Det: 5e-324

Frame 5
Optimized Parameters:
Rotation Matrix: 
[[-7.15239363e-01 -6.29959957e-12  7.65580436e-06]
 [-1.61984819e-08  7.15239362e-01  9.83988909e-09]
 [ 7.66453501e-06 -2.00922976e-08  7.15239376e-01]]
Translation Vector: 
[2.40224456e-08 3.51072167e-06 1.00000000e+01]
Deformation Strength: 3.5159945421031294e-06
Deformation Frequency: -1.0730331074587179e-08

Lambda Ortho: 8.725177415461908e-05
Lambda Det: 5e-324

Frame 6
Optimized Parameters:
Rotation Matrix: 
[[-7.15239364e-01 -6.29959957e-12  7.67256952e-06]
 [-1.61984819e-08  7.15239363e-01  9.83988909e-09]
 [ 7.68130892e-06 -2.00922976e-08  7.15239377e-01]]
Translation Vector: 
[2.40224456e-08 3.52749557e-06 1.00000000e+01]
Deformation Strength: 3.5327597021899497e-06
Deformation Frequency: -1.0730331074587179e-08

Lambda Ortho: 8.726854806022499e-05
Lambda Det: 5e-324

Frame 7
Optimized Parameters:
Rotation Matrix: 
[[-7.15239368e-01 -6.29959957e-12  7.68906679e-06]
 [-1.61984819e-08  7.15239367e-01  9.83988909e-09]
 [ 7.69780618e-06 -2.00922976e-08  7.15239381e-01]]
Translation Vector: 
[2.40224456e-08 3.54399976e-06 1.00000000e+01]
Deformation Strength: 3.5492569693071123e-06
Deformation Frequency: -1.0730331074587179e-08

Lambda Ortho: 8.728504532734216e-05
Lambda Det: 5e-324

Frame 8
Optimized Parameters:
Rotation Matrix: 
[[-7.15239371e-01 -6.29959957e-12  7.70569636e-06]
 [-1.61909196e-08  7.15239370e-01  9.83988909e-09]
 [ 7.71443575e-06 -2.00847352e-08  7.15239384e-01]]
Translation Vector: 
[2.40148832e-08 3.56062933e-06 1.00000000e+01]
Deformation Strength: 3.5658865402367507e-06
Deformation Frequency: -1.0730331074587179e-08

Lambda Ortho: 8.73016748982718e-05
Lambda Det: 5e-324

Frame 9
Optimized Parameters:
Rotation Matrix: 
[[-7.15239372e-01  2.09553496e-12  7.72243626e-06]
 [-1.61825244e-08  7.15239371e-01  9.83988909e-09]
 [ 7.73117565e-06 -2.00847352e-08  7.15239386e-01]]
Translation Vector: 
[2.40148832e-08 3.57736923e-06 1.00000000e+01]
Deformation Strength: 3.5826348336322337e-06
Deformation Frequency: -1.0730331074587179e-08

Lambda Ortho: 8.731842319166728e-05
Lambda Det: 5e-324

Frame 10
Optimized Parameters:
Rotation Matrix: 
[[-7.15239377e-01 -4.63516893e-12  7.73889283e-06]
 [-1.61757937e-08  7.15239376e-01  9.83315839e-09]
 [ 7.74762549e-06 -2.00780045e-08  7.15239390e-01]]
Translation Vector: 
[2.40081525e-08 3.59382580e-06 1.00000000e+01]
Deformation Strength: 3.59909140465961e-06
Deformation Frequency: -1.0730331074587179e-08

Lambda Ortho: 8.733487976269465e-05
Lambda Det: 5e-324

Frame 11
Optimized Parameters:
Rotation Matrix: 
[[-7.15239384e-01 -4.63516893e-12  7.75453120e-06]
 [-1.61800888e-08  7.15239384e-01  9.83745346e-09]
 [ 7.76326816e-06 -2.00780045e-08  7.15239398e-01]]
Translation Vector: 
[2.40124476e-08 3.60946417e-06 1.00000000e+01]
Deformation Strength: 3.6147297756154004e-06
Deformation Frequency: -1.0730331074587179e-08

Lambda Ortho: 8.735051813365044e-05
Lambda Det: 5e-324

Frame 12
Optimized Parameters:
Rotation Matrix: 
[[-7.15239396e-01 -4.63516893e-12  7.76855393e-06]
 [-1.61800888e-08  7.15239396e-01  9.83628782e-09]
 [ 7.77729089e-06 -2.00780045e-08  7.15239410e-01]]
Translation Vector: 
[2.40124476e-08 3.62348691e-06 1.00000000e+01]
Deformation Strength: 3.6287525113824253e-06
Deformation Frequency: -1.0730331074587179e-08

Lambda Ortho: 8.736454086941746e-05
Lambda Det: 5e-324

Frame 13
Optimized Parameters:
Rotation Matrix: 
[[-7.58067873e-01 -1.06538546e-05  6.21303677e-02]
 [-1.06700301e-05  7.58067872e-01  1.06636863e-05]
 [ 6.21197226e-02 -1.06739280e-05  7.58057233e-01]]
Translation Vector: 
[1.06778624e-05 6.21049149e-02 1.00000011e+01]
Deformation Strength: 0.062104920203223786
Deformation Frequency: -1.0730331074587179e-08

Lambda Ortho: 0.06218865599158182
Lambda Det: 5e-324

Frame 14
Optimized Parameters:
Rotation Matrix: 
[[-7.58067873e-01 -1.06538546e-05  6.21303677e-02]
 [-1.06700301e-05  7.58067872e-01  1.06636863e-05]
 [ 6.21197226e-02 -1.06739280e-05  7.58057233e-01]]
Translation Vector: 
[1.06778624e-05 6.21049149e-02 1.00000011e+01]
Deformation Strength: 0.062104920203223786
Deformation Frequency: -1.0730331074587179e-08

Lambda Ortho: 0.06218865599158182
Lambda Det: 5e-324

Frame 15
Optimized Parameters:
Rotation Matrix: 
[[-7.58067873e-01 -1.06538546e-05  6.21303677e-02]
 [-1.06700301e-05  7.58067872e-01  1.06636863e-05]
 [ 6.21197226e-02 -1.06739280e-05  7.58057233e-01]]
Translation Vector: 
[1.06778624e-05 6.21049149e-02 1.00000011e+01]
Deformation Strength: 0.062104920203223786
Deformation Frequency: -1.0730331074587179e-08

Lambda Ortho: 0.06218865599158182
Lambda Det: 5e-324

Frame 16
Optimized Parameters:
Rotation Matrix: 
[[-7.58067873e-01 -1.06538546e-05  6.21303677e-02]
 [-1.06700301e-05  7.58067872e-01  1.06636863e-05]
 [ 6.21197226e-02 -1.06739280e-05  7.58057233e-01]]
Translation Vector: 
[1.06778624e-05 6.21049149e-02 1.00000011e+01]
Deformation Strength: 0.062104920203223786
Deformation Frequency: -1.0730331074587179e-08

Lambda Ortho: 0.06218865599158182
Lambda Det: 5e-324

Frame 17
Optimized Parameters:
Rotation Matrix: 
[[ 9.97991811e-01  1.29656475e-05 -6.41507558e-02]
 [ 1.23101949e-05 -1.00003141e+00 -1.05472321e-05]
 [-6.41506895e-02  9.73424812e-06 -9.97991756e-01]]
Translation Vector: 
[1.51614580e-05 7.50940119e-02 1.00000016e+01]
Deformation Strength: 0.07509412140966504
Deformation Frequency: -6.260515522434753e-06

Lambda Ortho: 0.07566778970419447
Lambda Det: 7.309464481333301e-06

Frame 18
Optimized Parameters:
Rotation Matrix: 
[[ 9.97991820e-01  1.29656461e-05 -6.41507709e-02]
 [ 1.23101935e-05 -1.00003142e+00 -1.05472297e-05]
 [-6.41507046e-02  9.73424527e-06 -9.97991765e-01]]
Translation Vector: 
[1.51614547e-05 7.50940274e-02 1.00000016e+01]
Deformation Strength: 0.07509413690893631
Deformation Frequency: -6.260510874887193e-06

Lambda Ortho: 0.07566780520406542
Lambda Det: 7.30946448129385e-06

Frame 19
Optimized Parameters:
Rotation Matrix: 
[[ 9.97991829e-01  1.29656450e-05 -6.41507859e-02]
 [ 1.23101921e-05 -1.00003143e+00 -1.05472274e-05]
 [-6.41507196e-02  9.73424241e-06 -9.97991774e-01]]
Translation Vector: 
[1.51614514e-05 7.50940428e-02 1.00000016e+01]
Deformation Strength: 0.07509415232367123
Deformation Frequency: -6.260506019357798e-06

Lambda Ortho: 0.07566782061937158
Lambda Det: 7.309464481255227e-06

Frame 20
Optimized Parameters:
Rotation Matrix: 
[[ 9.97991838e-01  1.29656435e-05 -6.41508008e-02]
 [ 1.23101903e-05 -1.00003144e+00 -1.05472250e-05]
 [-6.41507345e-02  9.73423947e-06 -9.97991783e-01]]
Translation Vector: 
[1.51614479e-05 7.50940581e-02 1.00000016e+01]
Deformation Strength: 0.07509416762648272
Deformation Frequency: -6.2605013423369e-06

Lambda Ortho: 0.07566783592271759
Lambda Det: 7.309464481216157e-06

Frame 21
Optimized Parameters:
Rotation Matrix: 
[[ 9.97991848e-01  1.29656425e-05 -6.41508154e-02]
 [ 1.23101891e-05 -1.00003145e+00 -1.05472230e-05]
 [-6.41507492e-02  9.73423703e-06 -9.97991793e-01]]
Translation Vector: 
[1.51614452e-05 7.50940731e-02 1.00000016e+01]
Deformation Strength: 0.07509418264101693
Deformation Frequency: -6.260497458799003e-06

Lambda Ortho: 0.07566785093813946
Lambda Det: 7.309464481182904e-06

Frame 22
Optimized Parameters:
Rotation Matrix: 
[[ 9.97991857e-01  1.29656413e-05 -6.41508304e-02]
 [ 1.23101875e-05 -1.00003146e+00 -1.05472207e-05]
 [-6.41507641e-02  9.73423404e-06 -9.97991802e-01]]
Translation Vector: 
[1.51614419e-05 7.50940885e-02 1.00000016e+01]
Deformation Strength: 0.07509419797418865
Deformation Frequency: -6.260492698253901e-06

Lambda Ortho: 0.07566786627226328
Lambda Det: 7.3094644811441306e-06

Frame 23
Optimized Parameters:
Rotation Matrix: 
[[ 9.97991857e-01  1.29656413e-05 -6.41508304e-02]
 [ 1.23101875e-05 -1.00003146e+00 -1.05472207e-05]
 [-6.41507641e-02  9.73423404e-06 -9.97991802e-01]]
Translation Vector: 
[1.51614419e-05 7.50940885e-02 1.00000016e+01]
Deformation Strength: 0.07509419797418865
Deformation Frequency: -6.260492698253901e-06

Lambda Ortho: 0.07566786627226328
Lambda Det: 7.3094644811441306e-06

Frame 24
Optimized Parameters:
Rotation Matrix: 
[[ 9.97991857e-01  1.29656413e-05 -6.41508304e-02]
 [ 1.23101875e-05 -1.00003146e+00 -1.05472207e-05]
 [-6.41507641e-02  9.73423404e-06 -9.97991802e-01]]
Translation Vector: 
[1.51614419e-05 7.50940885e-02 1.00000016e+01]
Deformation Strength: 0.07509419797418865
Deformation Frequency: -6.260492698253901e-06

Lambda Ortho: 0.07566786627226328
Lambda Det: 7.3094644811441306e-06

Frame 25
Optimized Parameters:
Rotation Matrix: 
[[ 9.97991857e-01  1.29656413e-05 -6.41508304e-02]
 [ 1.23101875e-05 -1.00003146e+00 -1.05472207e-05]
 [-6.41507641e-02  9.73423404e-06 -9.97991802e-01]]
Translation Vector: 
[1.51614419e-05 7.50940885e-02 1.00000016e+01]
Deformation Strength: 0.07509419797418865
Deformation Frequency: -6.260492698253901e-06

Lambda Ortho: 0.07566786627226328
Lambda Det: 7.3094644811441306e-06

Frame 26
Optimized Parameters:
Rotation Matrix: 
[[ 9.97991864e-01  1.29656393e-05 -6.41508458e-02]
 [ 1.23101855e-05 -1.00003147e+00 -1.05472175e-05]
 [-6.41507796e-02  9.73423010e-06 -9.97991809e-01]]
Translation Vector: 
[1.51614380e-05 7.50941045e-02 1.00000016e+01]
Deformation Strength: 0.07509421399454597
Deformation Frequency: -6.260486795830601e-06

Lambda Ortho: 0.07566788229380109
Lambda Det: 7.309464481095235e-06

Frame 27
Optimized Parameters:
Rotation Matrix: 
[[ 9.97991871e-01  1.29656372e-05 -6.41508614e-02]
 [ 1.23101833e-05 -1.00003148e+00 -1.05472141e-05]
 [-6.41507952e-02  9.73422575e-06 -9.97991815e-01]]
Translation Vector: 
[1.51614332e-05 7.50941207e-02 1.00000016e+01]
Deformation Strength: 0.0750942302252441
Deformation Frequency: -6.260480260680764e-06

Lambda Ortho: 0.0756678985249349
Lambda Det: 7.3094644810410975e-06

Frame 28
Optimized Parameters:
Rotation Matrix: 
[[ 9.97991877e-01  1.29656354e-05 -6.41508770e-02]
 [ 1.23101816e-05 -1.00003149e+00 -1.05472110e-05]
 [-6.41508108e-02  9.73422178e-06 -9.97991822e-01]]
Translation Vector: 
[1.51614288e-05 7.50941370e-02 1.00000016e+01]
Deformation Strength: 0.07509424647768059
Deformation Frequency: -6.260473656862708e-06

Lambda Ortho: 0.0756679147782519
Lambda Det: 7.309464480986391e-06

Frame 29
Optimized Parameters:
Rotation Matrix: 
[[ 9.97991882e-01  1.29656345e-05 -6.41508927e-02]
 [ 1.23101802e-05 -1.00003150e+00 -1.05472081e-05]
 [-6.41508265e-02  9.73421799e-06 -9.97991827e-01]]
Translation Vector: 
[1.51614245e-05 7.50941534e-02 1.00000016e+01]
Deformation Strength: 0.0750942628880055
Deformation Frequency: -6.260467487389218e-06

Lambda Ortho: 0.07566793118905138
Lambda Det: 7.309464480930889e-06

Frame 30
Optimized Parameters:
Rotation Matrix: 
[[ 9.97991888e-01  1.29656325e-05 -6.41509085e-02]
 [ 1.23101777e-05 -1.00003151e+00 -1.05472052e-05]
 [-6.41508423e-02  9.73421404e-06 -9.97991832e-01]]
Translation Vector: 
[1.51614201e-05 7.50941699e-02 1.00000016e+01]
Deformation Strength: 0.07509427937797908
Deformation Frequency: -6.260461079112986e-06

Lambda Ortho: 0.07566794768050379
Lambda Det: 7.309464480873238e-06

Frame 31
Optimized Parameters:
Rotation Matrix: 
[[ 9.97991892e-01  1.29656297e-05 -6.41509244e-02]
 [ 1.23101744e-05 -1.00003151e+00 -1.05472007e-05]
 [-6.41508582e-02  9.73420852e-06 -9.97991837e-01]]
Translation Vector: 
[1.51614145e-05 7.50941866e-02 1.00000016e+01]
Deformation Strength: 0.07509429610680542
Deformation Frequency: -6.260452786568532e-06

Lambda Ortho: 0.07566796440933013
Lambda Det: 7.3094644808085835e-06

Frame 32
Optimized Parameters:
Rotation Matrix: 
[[ 9.97991895e-01  1.29656263e-05 -6.41509403e-02]
 [ 1.23101715e-05 -1.00003152e+00 -1.05471955e-05]
 [-6.41508741e-02  9.73420332e-06 -9.97991840e-01]]
Translation Vector: 
[1.51614082e-05 7.50942034e-02 1.00000016e+01]
Deformation Strength: 0.07509431292319584
Deformation Frequency: -6.2604441248744054e-06

Lambda Ortho: 0.07566798122514311
Lambda Det: 7.30946448073683e-06

Frame 33
Optimized Parameters:
Rotation Matrix: 
[[ 9.97991898e-01  1.29656243e-05 -6.41509564e-02]
 [ 1.23101696e-05 -1.00003152e+00 -1.05471917e-05]
 [-6.41508902e-02  9.73419818e-06 -9.97991843e-01]]
Translation Vector: 
[1.51614024e-05 7.50942204e-02 1.00000016e+01]
Deformation Strength: 0.07509432994073983
Deformation Frequency: -6.260436412705217e-06

Lambda Ortho: 0.07566799824204443
Lambda Det: 7.30946448065697e-06

Frame 34
Optimized Parameters:
Rotation Matrix: 
[[ 9.97991899e-01  1.29656222e-05 -6.41509725e-02]
 [ 1.23101668e-05 -1.00003153e+00 -1.05471869e-05]
 [-6.41509063e-02  9.73419195e-06 -9.97991844e-01]]
Translation Vector: 
[1.51613962e-05 7.50942376e-02 1.00000016e+01]
Deformation Strength: 0.07509434707700506
Deformation Frequency: -6.260426731980776e-06

Lambda Ortho: 0.07566801537900113
Lambda Det: 7.309464480581154e-06

Frame 35
Optimized Parameters:
Rotation Matrix: 
[[ 9.97991905e-01  1.29656204e-05 -6.41509882e-02]
 [ 1.23101641e-05 -1.00003154e+00 -1.05471837e-05]
 [-6.41509220e-02  9.73418831e-06 -9.97991850e-01]]
Translation Vector: 
[1.51613916e-05 7.50942539e-02 1.00000016e+01]
Deformation Strength: 0.07509436340235587
Deformation Frequency: -6.260419900146655e-06

Lambda Ortho: 0.07566803170435193
Lambda Det: 7.30946448052123e-06

Frame 36
Optimized Parameters:
Rotation Matrix: 
[[ 9.97991911e-01  1.29656186e-05 -6.41510038e-02]
 [ 1.23101623e-05 -1.00003155e+00 -1.05471801e-05]
 [-6.41509377e-02  9.73418380e-06 -9.97991856e-01]]
Translation Vector: 
[1.51613867e-05 7.50942702e-02 1.00000016e+01]
Deformation Strength: 0.0750943797085112
Deformation Frequency: -6.260412681440296e-06

Lambda Ortho: 0.0756680480114096
Lambda Det: 7.309464480458572e-06

Frame 37
Optimized Parameters:
Rotation Matrix: 
[[ 9.97991918e-01  1.29656163e-05 -6.41510192e-02]
 [ 1.23101596e-05 -1.00003156e+00 -1.05471762e-05]
 [-6.41509531e-02  9.73417957e-06 -9.97991863e-01]]
Translation Vector: 
[1.51613821e-05 7.50942862e-02 1.00000016e+01]
Deformation Strength: 0.07509439568678694
Deformation Frequency: -6.260406526628639e-06

Lambda Ortho: 0.07566806399083936
Lambda Det: 7.309464480405148e-06

Frame 38
Optimized Parameters:
Rotation Matrix: 
[[ 9.97991922e-01  1.29656135e-05 -6.41510351e-02]
 [ 1.23101568e-05 -1.00003156e+00 -1.05471717e-05]
 [-6.41509690e-02  9.73417397e-06 -9.97991867e-01]]
Translation Vector: 
[1.51613765e-05 7.50943029e-02 1.00000016e+01]
Deformation Strength: 0.07509441244283721
Deformation Frequency: -6.260399249664202e-06

Lambda Ortho: 0.07566808074688963
Lambda Det: 7.309464480339682e-06

Frame 39
Optimized Parameters:
Rotation Matrix: 
[[ 9.97991929e-01  1.29656123e-05 -6.41510506e-02]
 [ 1.23101547e-05 -1.00003157e+00 -1.05471689e-05]
 [-6.41509845e-02  9.73417031e-06 -9.97991874e-01]]
Translation Vector: 
[1.51613724e-05 7.50943190e-02 1.00000016e+01]
Deformation Strength: 0.07509442853602147
Deformation Frequency: -6.260393553969896e-06

Lambda Ortho: 0.07566809684088757
Lambda Det: 7.309464480292102e-06

Frame 40
Optimized Parameters:
Rotation Matrix: 
[[ 9.97991936e-01  1.29656107e-05 -6.41510661e-02]
 [ 1.23101527e-05 -1.00003158e+00 -1.05471660e-05]
 [-6.41510000e-02  9.73416626e-06 -9.97991881e-01]]
Translation Vector: 
[1.51613679e-05 7.50943351e-02 1.00000016e+01]
Deformation Strength: 0.07509444462130901
Deformation Frequency: -6.260387069437638e-06

Lambda Ortho: 0.07566811292698569
Lambda Det: 7.3094644802387786e-06

Frame 41
Optimized Parameters:
Rotation Matrix: 
[[ 9.97991942e-01  1.29656098e-05 -6.41510816e-02]
 [ 1.23101506e-05 -1.00003159e+00 -1.05471635e-05]
 [-6.41510155e-02  9.73416247e-06 -9.97991887e-01]]
Translation Vector: 
[1.51613641e-05 7.50943513e-02 1.00000016e+01]
Deformation Strength: 0.07509446078524652
Deformation Frequency: -6.260381176028475e-06

Lambda Ortho: 0.07566812909218606
Lambda Det: 7.30946448018647e-06

Frame 42
Optimized Parameters:
Rotation Matrix: 
[[ 9.97991949e-01  1.29656078e-05 -6.41510972e-02]
 [ 1.23101481e-05 -1.00003160e+00 -1.05471598e-05]
 [-6.41510311e-02  9.73415789e-06 -9.97991894e-01]]
Translation Vector: 
[1.51613591e-05 7.50943674e-02 1.00000016e+01]
Deformation Strength: 0.07509447692499963
Deformation Frequency: -6.260374521146255e-06

Lambda Ortho: 0.07566814523277103
Lambda Det: 7.309464480128706e-06

Frame 43
Optimized Parameters:
Rotation Matrix: 
[[ 9.97991954e-01  1.29656059e-05 -6.41511129e-02]
 [ 1.23101453e-05 -1.00003161e+00 -1.05471565e-05]
 [-6.41510468e-02  9.73415366e-06 -9.97991899e-01]]
Translation Vector: 
[1.51613535e-05 7.50943838e-02 1.00000016e+01]
Deformation Strength: 0.07509449332014713
Deformation Frequency: -6.260367471289228e-06

Lambda Ortho: 0.07566816162838852
Lambda Det: 7.3094644800703045e-06

Frame 44
Optimized Parameters:
Rotation Matrix: 
[[ 9.97991960e-01  1.29656044e-05 -6.41511286e-02]
 [ 1.23101433e-05 -1.00003161e+00 -1.05471530e-05]
 [-6.41510626e-02  9.73414917e-06 -9.97991905e-01]]
Translation Vector: 
[1.51613495e-05 7.50944003e-02 1.00000016e+01]
Deformation Strength: 0.07509450983974718
Deformation Frequency: -6.260360987929713e-06

Lambda Ortho: 0.07566817814848728
Lambda Det: 7.3094644800156235e-06

Frame 45
Optimized Parameters:
Rotation Matrix: 
[[ 9.97991963e-01  1.29656021e-05 -6.41511446e-02]
 [ 1.23101410e-05 -1.00003162e+00 -1.05471490e-05]
 [-6.41510785e-02  9.73414458e-06 -9.97991908e-01]]
Translation Vector: 
[1.51613438e-05 7.50944171e-02 1.00000016e+01]
Deformation Strength: 0.0750945266498469
Deformation Frequency: -6.26035294894095e-06

Lambda Ortho: 0.075668194958587
Lambda Det: 7.309464479952665e-06

Frame 46
Optimized Parameters:
Rotation Matrix: 
[[ 9.97991966e-01  1.29656002e-05 -6.41511606e-02]
 [ 1.23101385e-05 -1.00003163e+00 -1.05471447e-05]
 [-6.41510946e-02  9.73413843e-06 -9.97991911e-01]]
Translation Vector: 
[1.51613376e-05 7.50944341e-02 1.00000016e+01]
Deformation Strength: 0.07509454359145576
Deformation Frequency: -6.260344337586917e-06

Lambda Ortho: 0.07566821190081095
Lambda Det: 7.309464479876232e-06

Frame 47
Optimized Parameters:
Rotation Matrix: 
[[ 9.97991968e-01  1.29655975e-05 -6.41511767e-02]
 [ 1.23101352e-05 -1.00003163e+00 -1.05471393e-05]
 [-6.41511107e-02  9.73413170e-06 -9.97991913e-01]]
Translation Vector: 
[1.51613302e-05 7.50944512e-02 1.00000016e+01]
Deformation Strength: 0.07509456068972488
Deformation Frequency: -6.260334914086103e-06

Lambda Ortho: 0.07566822900042629
Lambda Det: 7.309464479797512e-06

Frame 48
Optimized Parameters:
Rotation Matrix: 
[[ 9.97991970e-01  1.29655955e-05 -6.41511928e-02]
 [ 1.23101325e-05 -1.00003164e+00 -1.05471353e-05]
 [-6.41511268e-02  9.73412639e-06 -9.97991915e-01]]
Translation Vector: 
[1.51613236e-05 7.50944682e-02 1.00000016e+01]
Deformation Strength: 0.07509457776615391
Deformation Frequency: -6.260324958919549e-06

Lambda Ortho: 0.07566824607619164
Lambda Det: 7.309464479719894e-06

Frame 49
Optimized Parameters:
Rotation Matrix: 
[[ 9.97916353e-01  1.29384578e-05 -6.41917421e-02]
 [ 1.22775672e-05 -9.99984962e-01 -1.04928597e-05]
 [-6.41917792e-02  9.68527838e-06 -9.97916396e-01]]
Translation Vector: 
[1.51016205e-05 7.51430720e-02 1.00000016e+01]
Deformation Strength: 0.07514318696589715
Deformation Frequency: -6.168056491340808e-06

Lambda Ortho: 0.07571686613104872
Lambda Det: 7.309463805286808e-06

Frame 50
Optimized Parameters:
Rotation Matrix: 
[[ 9.97938680e-01  1.29347303e-05 -6.41974880e-02]
 [ 1.22794309e-05 -1.00000426e+00 -1.04928597e-05]
 [-6.41975139e-02  9.68341464e-06 -9.97938718e-01]]
Translation Vector: 
[1.50997567e-05 7.51476866e-02 1.00000016e+01]
Deformation Strength: 0.07514780157312974
Deformation Frequency: -6.164329021847606e-06

Lambda Ortho: 0.07572148819322029
Lambda Det: 7.309463791663906e-06

Frame 51
Optimized Parameters:
Rotation Matrix: 
[[ 9.97938690e-01  1.29347157e-05 -6.41975034e-02]
 [ 1.22794382e-05 -1.00000427e+00 -1.04928524e-05]
 [-6.41975293e-02  9.68340734e-06 -9.97938727e-01]]
Translation Vector: 
[1.50997494e-05 7.51477025e-02 1.00000016e+01]
Deformation Strength: 0.07514781748471082
Deformation Frequency: -6.164314424066802e-06

Lambda Ortho: 0.07572150411939915
Lambda Det: 7.309463791557204e-06

Frame 52
Optimized Parameters:
Rotation Matrix: 
[[ 9.97938699e-01  1.29346936e-05 -6.41975189e-02]
 [ 1.22794161e-05 -1.00000427e+00 -1.04928303e-05]
 [-6.41975448e-02  9.68337783e-06 -9.97938736e-01]]
Translation Vector: 
[1.50997347e-05 7.51477184e-02 1.00000016e+01]
Deformation Strength: 0.07514783342796691
Deformation Frequency: -6.1642849131809375e-06

Lambda Ortho: 0.07572152007741069
Lambda Det: 7.309463791395423e-06

Frame 53
Optimized Parameters:
Rotation Matrix: 
[[ 9.97938709e-01  1.29346570e-05 -6.41975344e-02]
 [ 1.22794088e-05 -1.00000427e+00 -1.04928157e-05]
 [-6.41975602e-02  9.68336321e-06 -9.97938746e-01]]
Translation Vector: 
[1.50997200e-05 7.51477344e-02 1.00000016e+01]
Deformation Strength: 0.07514784937003373
Deformation Frequency: -6.1642556750941475e-06

Lambda Ortho: 0.07572153601947751
Lambda Det: 7.309463791181708e-06

Frame 54
Optimized Parameters:
Rotation Matrix: 
[[ 9.97938718e-01  1.29346269e-05 -6.41975499e-02]
 [ 1.22794012e-05 -1.00000428e+00 -1.04927931e-05]
 [-6.41975757e-02  9.68334063e-06 -9.97938755e-01]]
Translation Vector: 
[1.50996975e-05 7.51477503e-02 1.00000016e+01]
Deformation Strength: 0.0751478653551454
Deformation Frequency: -6.164225571305699e-06

Lambda Ortho: 0.07572155202716702
Lambda Det: 7.309463791071687e-06

Frame 55
Optimized Parameters:
Rotation Matrix: 
[[ 9.97938731e-01  1.29346249e-05 -6.41975635e-02]
 [ 1.22793993e-05 -1.00000429e+00 -1.04927885e-05]
 [-6.41975893e-02  9.68333537e-06 -9.97938768e-01]]
Translation Vector: 
[1.50996915e-05 7.51477640e-02 1.00000016e+01]
Deformation Strength: 0.07514787901174584
Deformation Frequency: -6.164217014538503e-06

Lambda Ortho: 0.07572156568376746
Lambda Det: 7.3094637909947074e-06

Frame 56
Optimized Parameters:
Rotation Matrix: 
[[ 9.97938744e-01  1.29346224e-05 -6.41975771e-02]
 [ 1.22793973e-05 -1.00000430e+00 -1.04927846e-05]
 [-6.41976030e-02  9.68333084e-06 -9.97938781e-01]]
Translation Vector: 
[1.50996864e-05 7.51477777e-02 1.00000016e+01]
Deformation Strength: 0.07514789266418355
Deformation Frequency: -6.164208601887881e-06

Lambda Ortho: 0.0757215793368523
Lambda Det: 7.309463790923755e-06

Frame 57
Optimized Parameters:
Rotation Matrix: 
[[ 9.97938757e-01  1.29346199e-05 -6.41975907e-02]
 [ 1.22793954e-05 -1.00000431e+00 -1.04927808e-05]
 [-6.41976165e-02  9.68332650e-06 -9.97938794e-01]]
Translation Vector: 
[1.50996815e-05 7.51477912e-02 1.00000016e+01]
Deformation Strength: 0.07514790624642319
Deformation Frequency: -6.164202335016e-06

Lambda Ortho: 0.07572159292005606
Lambda Det: 7.309463790867376e-06

Frame 58
Optimized Parameters:
Rotation Matrix: 
[[ 9.97938770e-01  1.29346181e-05 -6.41976042e-02]
 [ 1.22793932e-05 -1.00000433e+00 -1.04927782e-05]
 [-6.41976300e-02  9.68332254e-06 -9.97938807e-01]]
Translation Vector: 
[1.50996776e-05 7.51478048e-02 1.00000016e+01]
Deformation Strength: 0.07514791977637855
Deformation Frequency: -6.16419657881291e-06

Lambda Ortho: 0.0757216064503712
Lambda Det: 7.3094637908200425e-06

Frame 59
Optimized Parameters:
Rotation Matrix: 
[[ 9.97938783e-01  1.29346165e-05 -6.41976177e-02]
 [ 1.22793916e-05 -1.00000434e+00 -1.04927755e-05]
 [-6.41976435e-02  9.68331856e-06 -9.97938820e-01]]
Translation Vector: 
[1.50996732e-05 7.51478183e-02 1.00000016e+01]
Deformation Strength: 0.07514793332402464
Deformation Frequency: -6.164191009543317e-06

Lambda Ortho: 0.07572161999841509
Lambda Det: 7.3094637907706105e-06

Frame 60
Optimized Parameters:
Rotation Matrix: 
[[ 9.97938797e-01  1.29346147e-05 -6.41976312e-02]
 [ 1.22793902e-05 -1.00000435e+00 -1.04927725e-05]
 [-6.41976570e-02  9.68331527e-06 -9.97938834e-01]]
Translation Vector: 
[1.50996699e-05 7.51478318e-02 1.00000016e+01]
Deformation Strength: 0.07514794685888994
Deformation Frequency: -6.1641855219908275e-06

Lambda Ortho: 0.07572163353291456
Lambda Det: 7.309463790725151e-06

Frame 61
Optimized Parameters:
Rotation Matrix: 
[[ 9.97938810e-01  1.29346133e-05 -6.41976447e-02]
 [ 1.22793885e-05 -1.00000437e+00 -1.04927703e-05]
 [-6.41976705e-02  9.68331244e-06 -9.97938847e-01]]
Translation Vector: 
[1.50996665e-05 7.51478453e-02 1.00000016e+01]
Deformation Strength: 0.07514796035863684
Deformation Frequency: -6.164180983784073e-06

Lambda Ortho: 0.07572164703351238
Lambda Det: 7.30946379068576e-06

Frame 62
Optimized Parameters:
Rotation Matrix: 
[[ 9.97938823e-01  1.29346119e-05 -6.41976582e-02]
 [ 1.22793867e-05 -1.00000438e+00 -1.04927676e-05]
 [-6.41976840e-02  9.68330924e-06 -9.97938860e-01]]
Translation Vector: 
[1.50996630e-05 7.51478588e-02 1.00000016e+01]
Deformation Strength: 0.07514797386229828
Deformation Frequency: -6.164176050462677e-06

Lambda Ortho: 0.07572166053775421
Lambda Det: 7.309463790645457e-06

Frame 63
Optimized Parameters:
Rotation Matrix: 
[[ 9.97938836e-01  1.29346106e-05 -6.41976716e-02]
 [ 1.22793852e-05 -1.00000439e+00 -1.04927653e-05]
 [-6.41976975e-02  9.68330642e-06 -9.97938873e-01]]
Translation Vector: 
[1.50996600e-05 7.51478723e-02 1.00000016e+01]
Deformation Strength: 0.07514798735146755
Deformation Frequency: -6.1641716835393525e-06

Lambda Ortho: 0.07572167402769411
Lambda Det: 7.309463790607904e-06

Frame 64
Optimized Parameters:
Rotation Matrix: 
[[ 9.97938850e-01  1.29346095e-05 -6.41976851e-02]
 [ 1.22793842e-05 -1.00000441e+00 -1.04927633e-05]
 [-6.41977109e-02  9.68330357e-06 -9.97938887e-01]]
Translation Vector: 
[1.50996571e-05 7.51478858e-02 1.00000016e+01]
Deformation Strength: 0.07514800084247553
Deformation Frequency: -6.164167534693969e-06

Lambda Ortho: 0.07572168751948
Lambda Det: 7.309463790573787e-06

Frame 65
Optimized Parameters:
Rotation Matrix: 
[[ 9.97938863e-01  1.29346082e-05 -6.41976986e-02]
 [ 1.22793829e-05 -1.00000442e+00 -1.04927612e-05]
 [-6.41977244e-02  9.68330073e-06 -9.97938900e-01]]
Translation Vector: 
[1.50996540e-05 7.51478993e-02 1.00000016e+01]
Deformation Strength: 0.07514801433323151
Deformation Frequency: -6.164163405134075e-06

Lambda Ortho: 0.07572170101101026
Lambda Det: 7.309463790537942e-06

Frame 66
Optimized Parameters:
Rotation Matrix: 
[[ 9.97938863e-01  1.29346082e-05 -6.41976986e-02]
 [ 1.22793829e-05 -1.00000442e+00 -1.04927612e-05]
 [-6.41977244e-02  9.68330073e-06 -9.97938900e-01]]
Translation Vector: 
[1.50996540e-05 7.51478993e-02 1.00000016e+01]
Deformation Strength: 0.07514801433323151
Deformation Frequency: -6.164163405134075e-06

Lambda Ortho: 0.07572170101101026
Lambda Det: 7.309463790537942e-06

Frame 67
Optimized Parameters:
Rotation Matrix: 
[[ 9.97938876e-01  1.29346068e-05 -6.41977121e-02]
 [ 1.22793811e-05 -1.00000443e+00 -1.04927589e-05]
 [-6.41977379e-02  9.68329757e-06 -9.97938913e-01]]
Translation Vector: 
[1.50996508e-05 7.51479128e-02 1.00000016e+01]
Deformation Strength: 0.07514802783747893
Deformation Frequency: -6.164158807454351e-06

Lambda Ortho: 0.07572171451554503
Lambda Det: 7.309463790502236e-06

Frame 68
Optimized Parameters:
Rotation Matrix: 
[[ 9.97938889e-01  1.29346056e-05 -6.41977256e-02]
 [ 1.22793802e-05 -1.00000444e+00 -1.04927568e-05]
 [-6.41977514e-02  9.68329486e-06 -9.97938926e-01]]
Translation Vector: 
[1.50996478e-05 7.51479263e-02 1.00000016e+01]
Deformation Strength: 0.07514804134847239
Deformation Frequency: -6.164154601978152e-06

Lambda Ortho: 0.0757217280268389
Lambda Det: 7.309463790462713e-06

Frame 69
Optimized Parameters:
Rotation Matrix: 
[[ 9.97938902e-01  1.29346042e-05 -6.41977391e-02]
 [ 1.22793785e-05 -1.00000446e+00 -1.04927544e-05]
 [-6.41977649e-02  9.68329174e-06 -9.97938939e-01]]
Translation Vector: 
[1.50996444e-05 7.51479399e-02 1.00000016e+01]
Deformation Strength: 0.07514805488157782
Deformation Frequency: -6.164149403469063e-06

Lambda Ortho: 0.07572174156063746
Lambda Det: 7.309463790419648e-06

Frame 70
Optimized Parameters:
Rotation Matrix: 
[[ 9.97938916e-01  1.29346031e-05 -6.41977526e-02]
 [ 1.22793774e-05 -1.00000447e+00 -1.04927522e-05]
 [-6.41977784e-02  9.68328847e-06 -9.97938953e-01]]
Translation Vector: 
[1.50996407e-05 7.51479534e-02 1.00000016e+01]
Deformation Strength: 0.07514806842346053
Deformation Frequency: -6.164143949483439e-06

Lambda Ortho: 0.07572175510288377
Lambda Det: 7.3094637903744676e-06

Frame 71
Optimized Parameters:
Rotation Matrix: 
[[ 9.97938929e-01  1.29346017e-05 -6.41977661e-02]
 [ 1.22793756e-05 -1.00000448e+00 -1.04927500e-05]
 [-6.41977919e-02  9.68328558e-06 -9.97938966e-01]]
Translation Vector: 
[1.50996371e-05 7.51479669e-02 1.00000016e+01]
Deformation Strength: 0.07514808196549574
Deformation Frequency: -6.164138531513517e-06

Lambda Ortho: 0.07572176864528019
Lambda Det: 7.309463790329585e-06

Frame 72
Optimized Parameters:
Rotation Matrix: 
[[ 9.97938942e-01  1.29346001e-05 -6.41977796e-02]
 [ 1.22793741e-05 -1.00000450e+00 -1.04927465e-05]
 [-6.41978055e-02  9.68328172e-06 -9.97938979e-01]]
Translation Vector: 
[1.50996333e-05 7.51479805e-02 1.00000016e+01]
Deformation Strength: 0.07514809551979588
Deformation Frequency: -6.164133120460967e-06

Lambda Ortho: 0.07572178220035333
Lambda Det: 7.309463790281557e-06

Frame 73
Optimized Parameters:
Rotation Matrix: 
[[ 9.97938955e-01  1.29345988e-05 -6.41977931e-02]
 [ 1.22793724e-05 -1.00000451e+00 -1.04927439e-05]
 [-6.41978190e-02  9.68327842e-06 -9.97938992e-01]]
Translation Vector: 
[1.50996296e-05 7.51479940e-02 1.00000016e+01]
Deformation Strength: 0.07514810904855476
Deformation Frequency: -6.164128172604548e-06

Lambda Ortho: 0.07572179572911221
Lambda Det: 7.3094637902405694e-06

Frame 74
Optimized Parameters:
Rotation Matrix: 
[[ 9.97938968e-01  1.29345977e-05 -6.41978066e-02]
 [ 1.22793710e-05 -1.00000452e+00 -1.04927419e-05]
 [-6.41978324e-02  9.68327554e-06 -9.97939005e-01]]
Translation Vector: 
[1.50996265e-05 7.51480075e-02 1.00000016e+01]
Deformation Strength: 0.0751481225578734
Deformation Frequency: -6.164123573394e-06

Lambda Ortho: 0.07572180923900575
Lambda Det: 7.309463790202749e-06

Frame 75
Optimized Parameters:
Rotation Matrix: 
[[ 9.97938982e-01  1.29345960e-05 -6.41978201e-02]
 [ 1.22793693e-05 -1.00000453e+00 -1.04927393e-05]
 [-6.41978460e-02  9.68327196e-06 -9.97939019e-01]]
Translation Vector: 
[1.50996229e-05 7.51480211e-02 1.00000016e+01]
Deformation Strength: 0.07514813608585602
Deformation Frequency: -6.164118685528422e-06

Lambda Ortho: 0.07572182276796595
Lambda Det: 7.309463790159876e-06

Frame 76
Optimized Parameters:
Rotation Matrix: 
[[ 9.97938995e-01  1.29345949e-05 -6.41978337e-02]
 [ 1.22793683e-05 -1.00000455e+00 -1.04927375e-05]
 [-6.41978595e-02  9.68326869e-06 -9.97939032e-01]]
Translation Vector: 
[1.50996193e-05 7.51480346e-02 1.00000016e+01]
Deformation Strength: 0.0751481496328401
Deformation Frequency: -6.1641135982781575e-06

Lambda Ortho: 0.0757218363153134
Lambda Det: 7.309463790114722e-06

Frame 77
Optimized Parameters:
Rotation Matrix: 
[[ 9.97939008e-01  1.29345935e-05 -6.41978472e-02]
 [ 1.22793661e-05 -1.00000456e+00 -1.04927346e-05]
 [-6.41978730e-02  9.68326480e-06 -9.97939045e-01]]
Translation Vector: 
[1.50996154e-05 7.51480482e-02 1.00000016e+01]
Deformation Strength: 0.07514816317614281
Deformation Frequency: -6.1641079424213085e-06

Lambda Ortho: 0.07572184985861612
Lambda Det: 7.3094637900682135e-06

Frame 78
Optimized Parameters:
Rotation Matrix: 
[[ 9.97939021e-01  1.29345918e-05 -6.41978607e-02]
 [ 1.22793649e-05 -1.00000457e+00 -1.04927321e-05]
 [-6.41978865e-02  9.68326097e-06 -9.97939058e-01]]
Translation Vector: 
[1.50996115e-05 7.51480617e-02 1.00000016e+01]
Deformation Strength: 0.07514817675564296
Deformation Frequency: -6.164102409496403e-06

Lambda Ortho: 0.07572186343769066
Lambda Det: 7.309463790021549e-06

Frame 79
Optimized Parameters:
Rotation Matrix: 
[[ 9.97939034e-01  1.29345904e-05 -6.41978743e-02]
 [ 1.22793635e-05 -1.00000459e+00 -1.04927288e-05]
 [-6.41979001e-02  9.68325722e-06 -9.97939071e-01]]
Translation Vector: 
[1.50996068e-05 7.51480753e-02 1.00000016e+01]
Deformation Strength: 0.07514819035672755
Deformation Frequency: -6.164096313299339e-06

Lambda Ortho: 0.07572187703971313
Lambda Det: 7.309463789966706e-06

Frame 80
Optimized Parameters:
Rotation Matrix: 
[[ 9.97939047e-01  1.29345885e-05 -6.41978879e-02]
 [ 1.22793615e-05 -1.00000460e+00 -1.04927254e-05]
 [-6.41979137e-02  9.68325236e-06 -9.97939084e-01]]
Translation Vector: 
[1.50996010e-05 7.51480889e-02 1.00000016e+01]
Deformation Strength: 0.07514820396721549
Deformation Frequency: -6.164089516308866e-06

Lambda Ortho: 0.07572189065020106
Lambda Det: 7.309463789906378e-06

Frame 81
Optimized Parameters:
Rotation Matrix: 
[[ 9.97939060e-01  1.29345867e-05 -6.41979014e-02]
 [ 1.22793597e-05 -1.00000461e+00 -1.04927218e-05]
 [-6.41979272e-02  9.68324836e-06 -9.97939097e-01]]
Translation Vector: 
[1.50995957e-05 7.51481025e-02 1.00000016e+01]
Deformation Strength: 0.07514821755837499
Deformation Frequency: -6.164082397723297e-06

Lambda Ortho: 0.07572190424225038
Lambda Det: 7.309463789851093e-06

Frame 82
Optimized Parameters:
Rotation Matrix: 
[[ 9.97939074e-01  1.29345853e-05 -6.41979150e-02]
 [ 1.22793578e-05 -1.00000462e+00 -1.04927185e-05]
 [-6.41979408e-02  9.68324459e-06 -9.97939110e-01]]
Translation Vector: 
[1.50995910e-05 7.51481161e-02 1.00000016e+01]
Deformation Strength: 0.07514823116373588
Deformation Frequency: -6.164075803696694e-06

Lambda Ortho: 0.07572191784808227
Lambda Det: 7.309463789799451e-06

Frame 83
Optimized Parameters:
Rotation Matrix: 
[[ 9.97939087e-01  1.29345836e-05 -6.41979286e-02]
 [ 1.22793551e-05 -1.00000464e+00 -1.04927158e-05]
 [-6.41979544e-02  9.68324022e-06 -9.97939124e-01]]
Translation Vector: 
[1.50995860e-05 7.51481298e-02 1.00000016e+01]
Deformation Strength: 0.0751482448083762
Deformation Frequency: -6.164067053626747e-06

Lambda Ortho: 0.07572193149272259
Lambda Det: 7.309463789731495e-06

Frame 84
Optimized Parameters:
Rotation Matrix: 
[[ 9.97939100e-01  1.29345826e-05 -6.41979422e-02]
 [ 1.22793541e-05 -1.00000465e+00 -1.04927128e-05]
 [-6.41979680e-02  9.68323620e-06 -9.97939137e-01]]
Translation Vector: 
[1.50995815e-05 7.51481434e-02 1.00000016e+01]
Deformation Strength: 0.07514825843169701
Deformation Frequency: -6.164061034929684e-06

Lambda Ortho: 0.0757219451160434
Lambda Det: 7.309463789672837e-06

Frame 85
Optimized Parameters:
Rotation Matrix: 
[[ 9.97939113e-01  1.29345812e-05 -6.41979558e-02]
 [ 1.22793527e-05 -1.00000466e+00 -1.04927095e-05]
 [-6.41979816e-02  9.68323190e-06 -9.97939150e-01]]
Translation Vector: 
[1.50995772e-05 7.51481570e-02 1.00000016e+01]
Deformation Strength: 0.07514827204440522
Deformation Frequency: -6.1640543338778194e-06

Lambda Ortho: 0.07572195872923027
Lambda Det: 7.309463789616858e-06

Frame 86
Optimized Parameters:
Rotation Matrix: 
[[ 9.97939126e-01  1.29345782e-05 -6.41979694e-02]
 [ 1.22793506e-05 -1.00000468e+00 -1.04927054e-05]
 [-6.41979952e-02  9.68322680e-06 -9.97939163e-01]]
Translation Vector: 
[1.50995716e-05 7.51481706e-02 1.00000016e+01]
Deformation Strength: 0.07514828567423283
Deformation Frequency: -6.164047200776756e-06

Lambda Ortho: 0.07572197235905788
Lambda Det: 7.3094637895572705e-06

Frame 87
Optimized Parameters:
Rotation Matrix: 
[[ 9.97939139e-01  1.29345753e-05 -6.41979830e-02]
 [ 1.22793489e-05 -1.00000469e+00 -1.04927013e-05]
 [-6.41980088e-02  9.68322162e-06 -9.97939176e-01]]
Translation Vector: 
[1.50995659e-05 7.51481843e-02 1.00000016e+01]
Deformation Strength: 0.07514829933848788
Deformation Frequency: -6.164040290039596e-06

Lambda Ortho: 0.07572198602388883
Lambda Det: 7.309463789494128e-06

Frame 88
Optimized Parameters:
Rotation Matrix: 
[[ 9.97939152e-01  1.29345735e-05 -6.41979966e-02]
 [ 1.22793471e-05 -1.00000470e+00 -1.04926966e-05]
 [-6.41980224e-02  9.68321633e-06 -9.97939189e-01]]
Translation Vector: 
[1.50995606e-05 7.51481980e-02 1.00000016e+01]
Deformation Strength: 0.07514831301051665
Deformation Frequency: -6.164032654987658e-06

Lambda Ortho: 0.07572199969533029
Lambda Det: 7.309463789421149e-06

Frame 89
Optimized Parameters:
Rotation Matrix: 
[[ 9.97939165e-01  1.29345690e-05 -6.41980103e-02]
 [ 1.22793427e-05 -1.00000471e+00 -1.04926909e-05]
 [-6.41980361e-02  9.68320992e-06 -9.97939202e-01]]
Translation Vector: 
[1.50995529e-05 7.51482117e-02 1.00000016e+01]
Deformation Strength: 0.07514832671151105
Deformation Frequency: -6.1640223939920424e-06

Lambda Ortho: 0.07572201339568338
Lambda Det: 7.309463789336771e-06

Frame 90
Optimized Parameters:
Rotation Matrix: 
[[ 9.97939178e-01  1.29345684e-05 -6.41980239e-02]
 [ 1.22793409e-05 -1.00000473e+00 -1.04926885e-05]
 [-6.41980497e-02  9.68320577e-06 -9.97939215e-01]]
Translation Vector: 
[1.50995487e-05 7.51482254e-02 1.00000016e+01]
Deformation Strength: 0.07514834038861037
Deformation Frequency: -6.16401468156508e-06

Lambda Ortho: 0.07572202707218943
Lambda Det: 7.309463789276061e-06

Frame 91
Optimized Parameters:
Rotation Matrix: 
[[ 9.97939191e-01  1.29345661e-05 -6.41980375e-02]
 [ 1.22793391e-05 -1.00000474e+00 -1.04926843e-05]
 [-6.41980633e-02  9.68320043e-06 -9.97939228e-01]]
Translation Vector: 
[1.50995422e-05 7.51482390e-02 1.00000016e+01]
Deformation Strength: 0.07514835406697593
Deformation Frequency: -6.164006377987001e-06

Lambda Ortho: 0.07572204075114809
Lambda Det: 7.309463789206695e-06

Frame 92
Optimized Parameters:
Rotation Matrix: 
[[ 9.97939204e-01  1.29345633e-05 -6.41980512e-02]
 [ 1.22793363e-05 -1.00000475e+00 -1.04926788e-05]
 [-6.41980770e-02  9.68319348e-06 -9.97939241e-01]]
Translation Vector: 
[1.50995353e-05 7.51482528e-02 1.00000016e+01]
Deformation Strength: 0.0751483677986574
Deformation Frequency: -6.163996650047489e-06

Lambda Ortho: 0.07572205448282956
Lambda Det: 7.309463789120352e-06

Frame 93
Optimized Parameters:
Rotation Matrix: 
[[ 9.97939212e-01  1.29345417e-05 -6.41980670e-02]
 [ 1.22793220e-05 -1.00000475e+00 -1.04926860e-05]
 [-6.41980927e-02  9.68317912e-06 -9.97939249e-01]]
Translation Vector: 
[1.50995353e-05 7.51482691e-02 1.00000016e+01]
